-125,-125,-130,-140,-150
-118.29,-118.29,-123.29,-133.29,-143.29
-111.59,-111.59,-117.59,-126.59,-137.59
-104.88,-104.88,-111.88,-119.88,-131.88
-98.178,-98.178,-106.18,-113.18,-126.18
-91.472,-91.472,-100.47,-106.47,-120.47
-84.766,-84.766,-94.766,-99.766,-114.77
-78.061,-78.061,-89.061,-93.061,-109.06
-71.355,-71.355,-83.355,-86.355,-103.36
-64.65,-64.65,-77.65,-79.65,-97.65
-57.944,-57.944,-71.944,-72.944,-91.944
-51.238,-51.238,-66.238,-66.238,-86.238
-44.533,-44.533,-60.533,-59.533,-80.533
-37.827,-37.827,-54.827,-52.827,-74.827
-31.122,-31.122,-49.122,-46.122,-69.122
-24.416,-24.416,-43.416,-39.416,-63.416
-17.71,-17.71,-37.71,-32.71,-57.71
-11.005,-11.005,-32.005,-26.005,-52.005
-4.2992,-4.2992,-26.299,-19.299,-46.299
2.4064,2.4064,-20.594,-12.594,-40.594
9.3132,9.2347,-14.888,-5.888,-34.888
16.609,16.301,-8.9389,0.8176,-29.182
24.275,23.595,-2.757,7.5489,-23.477
32.291,31.105,3.6468,14.33,-17.72
40.638,38.821,10.583,21.177,-11.914
49.295,46.732,17.507,28.104,-6.0269
58.244,54.827,24.418,35.108,-0.060846
67.464,63.096,31.317,42.186,5.9804
76.936,71.527,38.203,49.333,13.363
86.64,80.11,45.077,56.548,20.732
96.557,88.834,51.938,63.826,28.089
106.67,97.688,58.787,71.165,35.434
116.95,106.66,65.623,78.56,42.766
127.39,115.74,72.447,86.009,50.086
137.96,124.92,79.258,93.508,57.393
148.64,134.19,86.057,101.05,64.688
159.42,143.53,92.844,108.64,71.97
170.28,152.94,99.617,116.28,79.24
181.19,162.41,106.38,123.94,86.497
192.14,171.91,113.13,131.64,93.741
203.1,181.45,119.86,139.38,100.97
214.06,191.02,126.59,147.13,108.19
225,200.59,133.3,154.92,115.4
235.89,210.16,140,162.72,122.6
246.72,219.73,146.68,170.54,129.78
257.47,229.27,153.36,178.37,136.95
268.12,238.79,160.02,186.22,144.1
278.65,248.25,166.67,194.07,151.25
289.03,257.67,173.3,201.92,158.38
299.26,267.02,179.93,209.78,165.5
309.3,276.3,186.54,217.63,172.61
319.15,285.49,193.14,225.48,179.7
328.77,294.59,199.72,233.32,186.78
338.16,303.58,206.3,241.14,193.85
347.29,312.45,212.86,248.95,200.91
356.14,321.19,219.41,256.74,207.96
364.69,329.79,225.94,264.51,214.99
372.92,338.24,232.47,272.25,222.01
380.82,346.53,238.98,279.96,229.02
388.36,354.65,245.48,287.64,236.01
395.53,362.58,251.96,295.28,242.99
402.29,370.32,258.44,302.89,249.96
409,377.86,264.9,310.45,256.92
415.71,384.56,271.35,317.96,263.86
422.41,391.27,277.78,325.43,270.8
429.12,397.97,284.21,332.84,277.72
435.82,404.68,290.62,340.2,284.62
442.53,411.39,297.02,347.5,291.52
449.23,418.09,303.4,354.72,298.4
455.94,424.8,309.78,361.89,305.27
462.65,431.5,316.14,368.99,312.13
469.35,438.21,322.49,376.02,318.97
476.06,444.91,328.82,382.72,325.8
482.76,451.62,335.15,389.43,332.62
489.47,458.32,341.46,396.13,339.43
496.17,465.03,347.76,402.84,346.22
502.88,471.74,354.04,409.55,353.01
509.58,478.44,360.32,416.25,359.78
516.29,485.15,366.58,422.96,366.53
523,491.85,372.83,429.66,373.28
529.7,498.56,379.07,436.37,380.01
536.41,505.26,385.29,443.07,386.73
543.11,511.97,391.5,449.78,393.44
549.82,518.68,397.7,456.48,400.13
556.52,525.38,403.89,463.19,406.81
563.23,532.09,410.06,469.9,413.48
569.93,538.79,416.22,476.6,420.14
576.64,545.5,422.37,483.31,426.79
583.35,552.2,428.51,490.01,433.42
590.05,558.91,434.63,496.72,440.05
596.76,565.61,440.76,503.42,446.68
603.46,572.32,446.88,510.13,453.31
610.17,579.03,453.01,516.83,459.95
616.87,585.73,459.14,523.54,466.58
623.58,592.44,465.26,530.25,473.21
630.29,599.14,471.39,536.95,479.84
636.99,605.85,477.52,543.66,486.48
643.7,612.55,483.65,550.36,493.11
650.4,619.26,489.77,557.07,499.74
657.11,625.96,495.9,563.77,506.37
663.81,632.67,502.03,570.48,513.01
670.52,639.38,508.15,577.19,519.64
677.22,646.08,514.28,583.89,526.27
683.93,652.79,520.41,590.6,532.9
690.64,659.49,526.53,597.3,539.54
697.34,666.2,532.66,604.01,546.17
704.05,672.9,538.79,610.71,552.8
710.75,679.61,544.91,617.42,559.43
717.46,686.32,551.04,624.12,566.06
724.16,693.02,557.17,630.83,572.7
730.87,699.73,563.3,637.54,579.33
737.57,706.43,569.42,644.24,585.96
744.28,713.14,575.55,650.95,592.59
750.99,719.84,581.68,657.65,599.23
757.69,726.55,587.8,664.36,605.86
764.4,733.25,593.93,671.06,612.49
771.1,739.96,600.06,677.77,619.12
777.81,746.67,606.18,684.47,625.76
784.51,753.37,612.31,691.18,632.39
791.22,760.08,618.44,697.89,639.02
797.93,766.78,624.57,704.59,645.65
804.63,773.49,630.69,711.3,652.29
811.34,780.19,636.82,718,658.92
818.04,786.9,642.95,724.71,665.55
824.75,793.6,649.07,731.41,672.18
831.45,800.31,655.2,738.12,678.81
838.16,807.02,661.33,744.83,685.45
844.86,813.72,667.45,751.53,692.08
851.57,820.43,673.58,758.24,698.71
858.28,827.13,679.71,764.94,705.34
864.98,833.84,685.84,771.65,711.98
871.69,840.54,691.96,778.35,718.61
878.39,847.25,698.09,785.06,725.24
885.1,853.96,704.22,791.76,731.87
891.8,860.66,710.34,798.47,738.51
898.51,867.37,716.47,805.18,745.14
905.21,874.07,722.6,811.88,751.77
911.92,880.78,728.72,818.59,758.4
918.63,887.48,734.85,825.29,765.04
925.33,894.19,740.98,832,771.67
932.04,900.89,747.11,838.7,778.3
938.74,907.6,753.23,845.41,784.93
945.45,914.31,759.36,852.11,791.56
952.15,921.01,765.49,858.82,798.2
958.86,927.72,771.61,865.53,804.83
965.57,934.42,777.74,872.23,811.46
972.27,941.13,783.87,878.94,818.09
978.98,947.83,789.99,885.64,824.73
985.68,954.54,796.12,892.35,831.36
992.39,961.24,802.25,899.05,837.99
999.09,967.95,808.38,905.76,844.62
1005.8,974.66,814.5,912.47,851.26
1012.5,981.36,820.63,919.17,857.89
1019.2,988.07,826.76,925.88,864.52
1025.9,994.77,832.88,932.58,871.15
1032.6,1001.5,839.01,939.29,877.79
1039.3,1008.2,845.14,945.99,884.42
1046,1014.9,851.26,952.7,891.05
1052.7,1021.6,857.39,959.4,897.68
1059.4,1028.3,863.52,966.11,904.32
1,1,1,2,2
